0.233398 0.0197144 -0.184082 -0.143066 -0.19458 -0.205688 -0.205688 -0.205688 -0.2229 -0.213135 -0.0153046 0.0050354 -0.50293 
0.24292 -0.23877 -0.221191 -0.0841064 -0.065918 -0.11145 -0.11145 -0.11145 -0.0875854 -0.137329 0.00746155 0.0524902 -0.702637 
0.0110016 -0.0866699 -0.0600586 -0.0662842 0.0449829 -0.0166779 -0.0166779 -0.0166779 -0.0213776 -0.0440674 0.00918579 0.09552 -0.598145 
-0.220825 -0.0806274 -0.00495911 -0.0457153 0.134644 0.023819 0.023819 0.023819 0.0475159 0.0498047 0.0222015 0.113159 -0.413086 
-0.21582 0.000183105 0.0373535 0.0518799 0.188599 0.0866089 0.0866089 0.0866089 0.0865479 0.129395 0.0715332 0.0690308 -0.39502 
-0.335449 -0.170288 -0.150391 -0.148682 -0.0260162 -0.118408 -0.118408 -0.118408 -0.136475 -0.102905 -0.0822754 -0.0701294 -0.421631 
-0.335449 -0.170288 -0.150391 -0.148682 -0.0260162 -0.118408 -0.118408 -0.118408 -0.136475 -0.102905 -0.0822754 -0.0701294 -0.421631 
-0.335449 -0.170288 -0.150391 -0.148682 -0.0260162 -0.118408 -0.118408 -0.118408 -0.136475 -0.102905 -0.0822754 -0.0701294 -0.421631 
-0.354248 -0.223145 -0.171387 -0.195923 -0.0806274 -0.189575 -0.189575 -0.189575 -0.203857 -0.135986 -0.13269 -0.0718384 -0.451172 
-0.202393 -0.101318 -0.0412598 -0.131958 -0.0243988 -0.120605 -0.120605 -0.120605 -0.129517 -0.0635376 -0.0843506 -0.00389099 -0.312012 
-0.0479126 -0.154053 -0.0970459 -0.196045 -0.141602 -0.215698 -0.215698 -0.215698 -0.179077 -0.127563 -0.107178 -0.00660706 -0.410889 
0.135376 -0.237061 -0.251221 -0.199219 -0.174561 -0.224365 -0.224365 -0.224365 -0.178345 -0.201782 -0.190918 -0.129883 -0.681152 
0.137939 0.00679016 -0.115356 -0.0803833 -0.101929 -0.150513 -0.150513 -0.150513 -0.164307 -0.147339 -0.0784302 -0.128418 -0.5 
0.422363 0.383545 0.30957 0.359375 0.454102 0.431396 0.431396 0.431396 0.48877 0.510742 0.378662 0.282715 0.252441 
0.199707 -0.108276 0.0569153 0.0115738 -0.0228882 -0.0732422 -0.0732422 -0.0732422 -0.0201721 0.0780029 0.000442505 -0.0331726 0.12439 
0.0115662 -0.115967 0.0914307 0.0518799 -0.0132904 -0.00738525 -0.00738525 -0.00738525 0.0324097 0.150269 0.112915 -0.109497 -0.0998535 
-0.140747 -0.0708008 -0.058075 -0.182251 -0.273193 -0.240356 -0.240356 -0.240356 -0.203979 -0.0405579 0.0422668 -0.0349121 -0.0231628 
-0.0504456 -0.0480957 -0.0712891 -0.211914 -0.323975 -0.352051 -0.352051 -0.352051 -0.25293 -0.0844727 -0.0202484 -0.0412598 -0.0285339 
-0.0740967 -0.122559 -0.137329 -0.336426 -0.4104 -0.434814 -0.434814 -0.434814 -0.329102 -0.171631 -0.067749 -0.124878 -0.0897217 
-0.0740967 -0.122559 -0.137329 -0.336426 -0.4104 -0.434814 -0.434814 -0.434814 -0.329102 -0.171631 -0.067749 -0.124878 -0.0897217 
-0.0740967 -0.122559 -0.137329 -0.336426 -0.4104 -0.434814 -0.434814 -0.434814 -0.329102 -0.171631 -0.067749 -0.124878 -0.0897217 
0.182129 0.111084 0.107422 -0.0101166 -0.0992432 -0.120117 -0.120117 -0.120117 -0.0291443 0.141479 0.213867 0.122803 0.15625 
0.222656 0.211792 0.166748 0.0982666 0.0126953 0.050415 0.050415 0.050415 0.0979004 0.271484 0.398926 0.299561 0.199829 
0.349365 0.416504 0.429688 0.351074 0.299805 0.3125 0.3125 0.3125 0.424805 0.566895 0.587402 0.498779 0.406494 
0.131348 0.0251465 0.126099 0.0492249 -0.0115509 -0.02948 -0.02948 -0.02948 0.0814209 0.196411 0.254883 0.0319824 0.000190735 
-0.212036 -0.42749 -0.338135 -0.404297 -0.32666 -0.243774 -0.243774 -0.243774 -0.22876 -0.263184 -0.348877 -0.517578 -0.251709 
-0.145508 0.188477 0.350342 0.330566 0.27832 0.292725 0.292725 0.292725 0.250244 0.273193 0.307129 0.186523 -0.109009 
-0.260986 -0.00577545 0.0843506 0.144287 0.148804 0.132446 0.132446 0.132446 0.16394 0.171387 0.125 -0.000396729 -0.286377 
-0.426514 -0.176147 -0.0838013 -0.0128632 0.00751495 -0.0426025 -0.0426025 -0.0426025 -0.0254974 -0.0214386 -0.0437012 -0.146729 -0.439697 
-0.426025 -0.111389 -0.0260162 0.00926208 -0.0101776 -0.0620728 -0.0620728 -0.0620728 -0.0331421 -0.00653076 -0.0170288 -0.0354004 -0.428223 
-0.403076 -0.0979004 -0.00822449 -0.0106659 -0.0299835 -0.118408 -0.118408 -0.118408 -0.0761719 -0.0388184 -0.0373535 -0.0750122 -0.402832 
-0.333496 -0.041687 0.0648804 0.0148544 -0.0118561 -0.0744629 -0.0744629 -0.0744629 -0.0634155 -0.0298309 0.0409546 0.00308228 -0.350342 
-0.333496 -0.041687 0.0648804 0.0148544 -0.0118561 -0.0744629 -0.0744629 -0.0744629 -0.0634155 -0.0298309 0.0409546 0.00308228 -0.350342 
-0.333496 -0.041687 0.0648804 0.0148544 -0.0118561 -0.0744629 -0.0744629 -0.0744629 -0.0634155 -0.0298309 0.0409546 0.00308228 -0.350342 
-0.334473 -0.0227509 0.0741577 0.0239868 -0.00837708 -0.0621948 -0.0621948 -0.0621948 -0.0671997 -0.0318604 0.0141602 -0.0223846 -0.344482 
-0.367676 -0.0132599 0.101196 0.102295 0.048584 0.00440598 0.00440598 0.00440598 0.00558472 0.0455322 0.0444946 -0.00942993 -0.396973 
-0.429688 -0.0742798 0.0143967 0.0581665 0.0391235 -0.0144653 -0.0144653 -0.0144653 -0.0013504 0.0140533 -0.0281219 -0.0831909 -0.435547 
-0.344971 0.0517578 0.141479 0.201538 0.136841 0.0792236 0.0792236 0.0792236 0.0827637 0.128174 0.0927734 0.0104446 -0.321533 
-0.151978 0.168701 0.223755 0.309082 0.284424 0.243774 0.243774 0.243774 0.219604 0.238281 0.226807 0.108643 -0.178223 
-0.0756836 -0.227417 -0.324463 -0.426514 -0.412354 -0.369141 -0.369141 -0.369141 -0.391602 -0.424072 -0.36499 -0.290039 -0.0914307 
0.233154 0.186523 0.12793 0.0610962 0.0750732 0.117004 0.117004 0.117004 0.0831299 0.0601807 0.124329 0.166626 0.213013 
0.414795 0.310059 0.164429 0.09375 0.114746 0.184082 0.184082 0.184082 0.149048 0.119263 0.185303 0.294922 0.393066 
0.486572 0.285156 0.131226 0.0689697 0.0824585 0.171753 0.171753 0.171753 0.111633 0.043335 0.0776367 0.219727 0.422607 
0.447754 0.267578 0.107422 0.0426025 0.0739136 0.164673 0.164673 0.164673 0.0875244 0.00283051 0.0201111 0.177979 0.376953 
0.454346 0.29126 0.160889 0.137451 0.167725 0.247437 0.247437 0.247437 0.162231 0.0685425 0.0521851 0.191162 0.382568 
0.454346 0.29126 0.160889 0.137451 0.167725 0.247437 0.247437 0.247437 0.162231 0.0685425 0.0521851 0.191162 0.382568 
0.454346 0.29126 0.160889 0.137451 0.167725 0.247437 0.247437 0.247437 0.162231 0.0685425 0.0521851 0.191162 0.382568 
0.463867 0.294434 0.153687 0.144287 0.190186 0.304688 0.304688 0.304688 0.17334 0.0611572 0.0566406 0.215698 0.379395 
0.459717 0.26123 0.107544 0.112976 0.152222 0.251465 0.251465 0.251465 0.116882 -0.00300598 0.0239105 0.182495 0.398682 
0.47876 0.339355 0.242432 0.185425 0.210693 0.284424 0.284424 0.284424 0.19104 0.093689 0.156006 0.32666 0.434082 
0.232178 0.134277 0.0938721 0.0296021 0.0349426 0.093811 0.093811 0.093811 0.0281067 -0.0278473 0.0354919 0.133057 0.175049 
-0.0754395 -0.304688 -0.370605 -0.400879 -0.42334 -0.412598 -0.412598 -0.412598 -0.41748 -0.412842 -0.35498 -0.294678 -0.0962524 
-9.64062 -8.90625 -9.57031 -9.23438 -9.20312 -9.02344 -9.02344 -9.02344 -9.07031 -9.00781 -8.98438 -8.59375 -9.375 
-9.55469 -9.16406 -9.8125 -9.48438 -9.45312 -8.97656 -8.97656 -8.97656 -9.21094 -9.13281 -9.30469 -8.75781 -9.0625 
-9.50781 -9.74219 -10.375 -9.89844 -9.96875 -9.71094 -9.71094 -9.71094 -9.875 -9.6875 -9.82812 -9.26562 -9.17969 
-9.83594 -10.125 -10.5469 -10.0781 -9.98438 -9.60156 -9.60156 -9.60156 -9.8125 -9.8125 -10.0625 -9.53125 -9.39844 
-10.0625 -10.0859 -10.4844 -10.1719 -10.0703 -9.78906 -9.78906 -9.78906 -9.92188 -9.88281 -10.1953 -9.39062 -9.44531 
-9.625 -9.39844 -9.95312 -9.57031 -9.60156 -9.39844 -9.39844 -9.39844 -9.4375 -9.36719 -9.72656 -8.54688 -8.88281 
-9.625 -9.39844 -9.95312 -9.57031 -9.60156 -9.39844 -9.39844 -9.39844 -9.4375 -9.36719 -9.72656 -8.54688 -8.88281 
-9.625 -9.39844 -9.95312 -9.57031 -9.60156 -9.39844 -9.39844 -9.39844 -9.4375 -9.36719 -9.72656 -8.54688 -8.88281 
-10.1172 -9.96094 -10.5469 -10.1641 -10.2031 -9.97656 -9.97656 -9.97656 -9.99219 -9.92969 -10.4141 -9.16406 -9.45312 
-10.1875 -10.1797 -10.4688 -9.99219 -9.89062 -9.55469 -9.55469 -9.55469 -9.6875 -9.85938 -10.2812 -9.25781 -9.39062 
-10.3438 -10.6953 -10.7969 -9.91406 -9.64062 -9.21875 -9.21875 -9.21875 -9.39062 -9.67188 -10.3359 -9.69531 -9.35156 
-9.91406 -10.1328 -10.3359 -9.40625 -9.13281 -8.6875 -8.6875 -8.6875 -8.97656 -9.29688 -9.76562 -9.21875 -9.23438 
-9.67188 -9.41406 -9.46875 -8.78906 -8.6875 -8.17969 -8.17969 -8.17969 -8.47656 -8.49219 -9.02344 -9.11719 -9.625 
1.13965 1.38574 1.07715 1.01562 0.986328 0.981445 0.981445 0.981445 0.982422 1.0332 1.15332 1.42773 1.2998 
1.52051 1.83496 1.34961 1.21484 1.06543 1.14258 1.14258 1.14258 1.12305 1.19531 1.54785 1.97461 1.76562 
1.91211 1.81738 1.3916 1.23926 1.01758 1.00586 1.00586 1.00586 1.01172 1.16895 1.33398 1.83105 1.85059 
1.82031 1.58691 1.19922 1.17285 0.990234 0.990234 0.990234 0.990234 0.958496 1.05078 1.1875 1.58887 1.4873 
1.6748 1.44238 1.13379 1.12598 0.972656 0.973145 0.973145 0.973145 0.91748 0.956543 1.10938 1.43066 1.28711 
1.25293 0.899902 0.655273 0.66748 0.586426 0.625 0.625 0.625 0.515625 0.46875 0.600586 0.858887 0.873047 
1.25293 0.899902 0.655273 0.66748 0.586426 0.625 0.625 0.625 0.515625 0.46875 0.600586 0.858887 0.873047 
1.25293 0.899902 0.655273 0.66748 0.586426 0.625 0.625 0.625 0.515625 0.46875 0.600586 0.858887 0.873047 
1.29492 0.938477 0.681152 0.67627 0.60498 0.627441 0.627441 0.627441 0.554199 0.496338 0.647949 0.94043 0.896484 
1.40723 1.15039 0.935547 0.840332 0.644043 0.631836 0.631836 0.631836 0.584473 0.669922 0.958008 1.11719 1.12988 
1.66797 1.6543 1.48633 1.2793 0.978027 0.926758 0.926758 0.926758 0.893066 1.0752 1.4668 1.58398 1.63867 
1.55078 1.75586 1.66992 1.43652 1.16406 1.11816 1.11816 1.11816 1.15332 1.32422 1.65234 1.72754 1.64648 
1.4541 1.69141 1.70801 1.56738 1.45605 1.48438 1.48438 1.48438 1.45898 1.56055 1.70703 1.64844 1.49512 
0.330566 -0.0980225 -0.453857 -0.279541 -0.244263 -0.111938 -0.111938 -0.111938 -0.108276 -0.046875 -0.0611572 -0.349609 -0.469727 
0.569824 -0.219971 -0.770996 -0.695801 -0.492432 -0.211426 -0.211426 -0.211426 -0.248047 -0.154907 -0.138916 -0.558105 -0.902832 
0.499512 -0.115845 -0.704102 -0.753906 -0.530762 -0.283447 -0.283447 -0.283447 -0.327881 -0.0951538 -0.043335 -0.473633 -0.993164 
0.311279 -0.165527 -0.862305 -0.961914 -0.643066 -0.411621 -0.411621 -0.411621 -0.470947 -0.211304 -0.0518188 -0.413086 -1.00586 
0.360352 -0.126343 -0.886719 -1.03711 -0.694336 -0.446289 -0.446289 -0.446289 -0.484863 -0.224243 -0.0231476 -0.396973 -0.972656 
0.347168 -0.192139 -0.9375 -1.08594 -0.779785 -0.539062 -0.539062 -0.539062 -0.543945 -0.331299 -0.0708618 -0.273926 -0.891113 
0.347168 -0.192139 -0.9375 -1.08594 -0.779785 -0.539062 -0.539062 -0.539062 -0.543945 -0.331299 -0.0708618 -0.273926 -0.891113 
0.347168 -0.192139 -0.9375 -1.08594 -0.779785 -0.539062 -0.539062 -0.539062 -0.543945 -0.331299 -0.0708618 -0.273926 -0.891113 
0.375977 -0.175293 -0.925293 -1.04395 -0.778809 -0.536133 -0.536133 -0.536133 -0.489258 -0.260742 -0.0280762 -0.209717 -0.868164 
0.317627 -0.152344 -0.836914 -0.997559 -0.759277 -0.489258 -0.489258 -0.489258 -0.464111 -0.229248 -0.0370178 -0.29248 -0.814941 
0.392578 -0.0794678 -0.750488 -0.954102 -0.772949 -0.483643 -0.483643 -0.483643 -0.454346 -0.251953 -0.072876 -0.441162 -0.810547 
0.494629 -0.0664062 -0.649902 -0.81543 -0.687988 -0.355469 -0.355469 -0.355469 -0.325195 -0.245483 -0.167114 -0.666016 -0.678223 
0.236816 -0.0839844 -0.48999 -0.515137 -0.407471 -0.19519 -0.19519 -0.19519 -0.209839 -0.214966 -0.136475 -0.448975 -0.489258 
-0.0347595 0.0262604 -0.0835571 -0.0922852 -0.122192 -0.116394 -0.116394 -0.116394 -0.0880737 -0.0563965 0.0234528 0.00641251 -0.186768 
0.336426 0.38208 0.489502 0.503906 0.543457 0.482666 0.482666 0.482666 0.532715 0.479248 0.481689 0.403809 0.217407 
0.245483 0.256592 0.240601 0.163818 0.273926 0.174927 0.174927 0.174927 0.224731 0.220825 0.375977 0.368896 0.0947266 
0.195068 0.217529 0.154663 0.09729 0.110413 0.0220642 0.0220642 0.0220642 0.0688477 0.131104 0.265137 0.340332 0.167236 
0.0561218 0.0645142 0.0187836 0.0228577 0.0447083 -0.0657959 -0.0657959 -0.0657959 -0.0236816 -0.0480042 -0.026001 0.071228 -0.0184937 
0.0759888 -0.0665283 -0.0538635 -0.0345764 -0.0116348 -0.118469 -0.118469 -0.118469 -0.116943 -0.152222 -0.0900879 -0.100037 -0.0817871 
0.0759888 -0.0665283 -0.0538635 -0.0345764 -0.0116348 -0.118469 -0.118469 -0.118469 -0.116943 -0.152222 -0.0900879 -0.100037 -0.0817871 
0.0759888 -0.0665283 -0.0538635 -0.0345764 -0.0116348 -0.118469 -0.118469 -0.118469 -0.116943 -0.152222 -0.0900879 -0.100037 -0.0817871 
-0.119812 -0.248657 -0.223999 -0.122375 -0.0664062 -0.167358 -0.167358 -0.167358 -0.179199 -0.235229 -0.224976 -0.30127 -0.251709 
-0.337646 -0.340332 -0.246094 -0.194336 -0.134766 -0.265869 -0.265869 -0.265869 -0.244507 -0.304688 -0.237793 -0.381104 -0.396729 
-0.385986 -0.431152 -0.311768 -0.280029 -0.227051 -0.327637 -0.327637 -0.327637 -0.298096 -0.386475 -0.362549 -0.491211 -0.459961 
-0.666992 -0.73291 -0.634277 -0.638672 -0.555176 -0.608398 -0.608398 -0.608398 -0.677246 -0.83252 -0.745605 -0.835449 -0.650879 
-0.1875 -0.381592 -0.346436 -0.32959 -0.278809 -0.205933 -0.205933 -0.205933 -0.302002 -0.398926 -0.372559 -0.436035 -0.271484 
-0.664062 -0.359863 -0.160522 -0.0242462 0.0269623 0.0252228 0.0252228 0.0252228 0.0389099 0.0136566 -0.0869141 -0.317383 -0.647949 
-0.75293 -0.304199 0.00849152 0.236084 0.341797 0.293701 0.293701 0.293701 0.313965 0.246704 0.0974121 -0.230713 -0.685059 
-0.881348 -0.307129 -0.00457764 0.193237 0.22644 0.168823 0.168823 0.168823 0.185181 0.18396 0.0933228 -0.241699 -0.791016 
-1.00098 -0.317139 0.0159302 0.182983 0.22998 0.171875 0.171875 0.171875 0.204956 0.215454 0.136475 -0.222656 -0.850098 
-1.02051 -0.344971 -0.0148773 0.143921 0.162354 0.109192 0.109192 0.109192 0.139893 0.166748 0.0952148 -0.251221 -0.836426 
-1.01953 -0.378662 -0.0733643 0.0759888 0.106812 0.0541382 0.0541382 0.0541382 0.06604 0.0561523 0.00682068 -0.312744 -0.849609 
-1.01953 -0.378662 -0.0733643 0.0759888 0.106812 0.0541382 0.0541382 0.0541382 0.06604 0.0561523 0.00682068 -0.312744 -0.849609 
-1.01953 -0.378662 -0.0733643 0.0759888 0.106812 0.0541382 0.0541382 0.0541382 0.06604 0.0561523 0.00682068 -0.312744 -0.849609 
-1.07715 -0.408447 -0.0570068 0.103088 0.119385 0.067627 0.067627 0.067627 0.0794067 0.116882 0.0491943 -0.322266 -0.910156 
-1.01953 -0.328125 0.0171204 0.195801 0.221558 0.180176 0.180176 0.180176 0.183716 0.241943 0.100281 -0.261963 -0.887207 
-0.879395 -0.275391 0.0180054 0.185913 0.251953 0.196045 0.196045 0.196045 0.227051 0.243042 0.0932007 -0.20166 -0.772461 
-0.679199 -0.130615 0.0789185 0.242798 0.32959 0.314209 0.314209 0.314209 0.305664 0.217651 0.112732 -0.0946655 -0.632324 
-0.736816 -0.380859 -0.230469 -0.062561 0.0235901 0.0525513 0.0525513 0.0525513 -0.00151062 -0.0772095 -0.190308 -0.359619 -0.702637 
0.293213 0.134888 0.109985 -0.00772095 -0.0398865 -0.00299072 -0.00299072 -0.00299072 -0.0414734 -0.0502014 0.0168152 0.0466919 0.165649 
0.373535 0.0952148 0.0596924 -0.0572205 -0.121582 -0.0419006 -0.0419006 -0.0419006 -0.0985107 -0.10376 -0.0715332 -0.033905 0.142944 
0.440674 0.26709 0.231689 0.147583 0.119873 0.172485 0.172485 0.172485 0.152466 0.141602 0.173096 0.199951 0.324707 
0.628418 0.523438 0.405518 0.271729 0.236206 0.270508 0.270508 0.270508 0.262939 0.276367 0.352051 0.435303 0.527832 
0.725098 0.672363 0.586914 0.436523 0.374756 0.391846 0.391846 0.391846 0.400635 0.469238 0.554199 0.599609 0.644531 
0.888672 0.828613 0.716797 0.493408 0.415039 0.429199 0.429199 0.429199 0.441895 0.532715 0.722168 0.791504 0.806641 
0.888672 0.828613 0.716797 0.493408 0.415039 0.429199 0.429199 0.429199 0.441895 0.532715 0.722168 0.791504 0.806641 
0.888672 0.828613 0.716797 0.493408 0.415039 0.429199 0.429199 0.429199 0.441895 0.532715 0.722168 0.791504 0.806641 
0.786133 0.670898 0.593262 0.398438 0.332275 0.356201 0.356201 0.356201 0.348877 0.422119 0.547852 0.600098 0.687988 
0.651855 0.450195 0.370361 0.207275 0.173828 0.211426 0.211426 0.211426 0.202271 0.213745 0.304199 0.390381 0.536133 
0.404541 0.200562 0.145874 0.074707 0.0547791 0.0961914 0.0961914 0.0961914 0.0856323 0.0934448 0.108032 0.159912 0.283936 
0.256104 -0.0105286 -0.0354309 -0.0928955 -0.113403 -0.0487976 -0.0487976 -0.0487976 -0.0852051 -0.0823975 -0.0716553 -0.026825 0.163452 
0.244873 0.0668945 0.0164185 -0.0911865 -0.106934 -0.088501 -0.088501 -0.088501 -0.0999756 -0.0830078 -0.0135193 0.0289001 0.142456 
-9.57031 -8.73438 -9.33594 -9.21094 -9.25 -9.00781 -9.00781 -9.00781 -8.94531 -8.78906 -8.60156 -8.57031 -9.03125 
-9.19531 -8.59375 -9.32031 -9.48438 -9.58594 -9.02344 -9.02344 -9.02344 -9.125 -8.90625 -8.78125 -8.74219 -9.25781 
-8.8125 -8.70312 -9.78906 -9.91406 -10.1172 -9.76562 -9.76562 -9.76562 -9.76562 -9.38281 -9.05469 -8.4375 -8.77344 
-8.25 -8.5 -9.58594 -9.85156 -10.0078 -9.44531 -9.44531 -9.44531 -9.52344 -9.1875 -8.82812 -8.28125 -8.28906 
-8.0625 -8.03125 -9.125 -9.75 -9.84375 -9.27344 -9.27344 -9.27344 -9.33594 -8.92188 -8.26562 -7.42969 -7.80078 
-7.5625 -7.35938 -8.6875 -9.0625 -9.35938 -8.92188 -8.92188 -8.92188 -8.95312 -8.57031 -8.23438 -6.69141 -7.32422 
-7.5625 -7.35938 -8.6875 -9.0625 -9.35938 -8.92188 -8.92188 -8.92188 -8.95312 -8.57031 -8.23438 -6.69141 -7.32422 
-7.5625 -7.35938 -8.6875 -9.0625 -9.35938 -8.92188 -8.92188 -8.92188 -8.95312 -8.57031 -8.23438 -6.69141 -7.32422 
-8.10938 -8.08594 -9.46094 -9.78906 -10.0391 -9.59375 -9.59375 -9.59375 -9.5625 -9.28906 -9.10156 -7.48828 -8 
-8.99219 -8.85938 -9.57031 -9.63281 -9.6875 -9.24219 -9.24219 -9.24219 -9.26562 -9.21875 -9.21875 -8.02344 -8.59375 
-9.99219 -9.99219 -10.1172 -9.625 -9.45312 -8.99219 -8.99219 -8.99219 -9.0625 -9.23438 -9.6875 -9.21094 -9.39062 
-10.2031 -10.1328 -10.0234 -9.3125 -9.21094 -8.72656 -8.72656 -8.72656 -8.9375 -9.11719 -9.49219 -9.39844 -9.74219 
-9.75781 -9.55469 -9.75781 -9.22656 -9.22656 -8.79688 -8.79688 -8.79688 -9.0625 -8.98438 -9.25 -9.26562 -9.69531 
1.81445 1.87305 1.69531 1.64453 1.61719 1.66602 1.66602 1.66602 1.68555 1.77734 1.79688 1.85352 1.95117 
2.36523 2.33789 2 1.54883 1.26953 1.37305 1.37305 1.37305 1.3418 1.61133 1.95898 2.23438 2.13281 
3.02148 2.79297 2.30664 1.80078 1.35352 1.46875 1.46875 1.46875 1.45312 1.82031 2.31836 2.79688 2.75586 
3.35547 3.13672 2.56055 2.00391 1.54297 1.65234 1.65234 1.65234 1.60352 1.94141 2.56641 3.10156 2.99219 
3.33789 3.05078 2.59375 2.03906 1.65234 1.80664 1.80664 1.80664 1.69336 1.98438 2.61914 3.07812 2.99609 
3.07422 2.67383 2.24023 1.73633 1.36719 1.48438 1.48438 1.48438 1.36523 1.61719 2.10156 2.53516 2.65625 
3.07422 2.67383 2.24023 1.73633 1.36719 1.48438 1.48438 1.48438 1.36523 1.61719 2.10156 2.53516 2.65625 
3.07422 2.67383 2.24023 1.73633 1.36719 1.48438 1.48438 1.48438 1.36523 1.61719 2.10156 2.53516 2.65625 
3.09375 2.49805 2.04492 1.54883 1.17383 1.25586 1.25586 1.25586 1.16797 1.42383 1.90039 2.36523 2.57812 
2.875 2.64844 2.23047 1.71289 1.24805 1.32031 1.32031 1.32031 1.2207 1.5918 2.11328 2.51172 2.48828 
2.59961 2.80664 2.64258 2.06445 1.5332 1.60938 1.60938 1.60938 1.51953 1.94727 2.46484 2.6543 2.41211 
2.05078 2.31641 2.40039 1.92773 1.41602 1.5293 1.5293 1.5293 1.48438 1.92188 2.22852 2.16406 1.90625 
2.01953 2.07422 2.18555 1.90234 1.64453 1.66797 1.66797 1.66797 1.66602 1.85742 2.01367 2 1.91406 
0.220337 0.29834 0.380127 0.263428 0.210571 0.235107 0.235107 0.235107 0.244873 0.271973 0.3125 0.212524 0.122681 
0.188721 0.184326 0.323242 0.19165 0.136597 0.056366 0.056366 0.056366 0.0956421 0.115479 0.110596 0.0245667 0.0612793 
0.122437 0.251221 0.381836 0.234619 0.133179 0.015564 0.015564 0.015564 0.0888062 0.177246 0.183716 0.0333252 -0.0126343 
-0.0274353 0.15625 0.119385 0.0444946 -0.0323181 -0.117554 -0.117554 -0.117554 -0.10022 -0.0253601 -0.0613708 -0.103394 -0.107666 
0.0354614 0.252197 0.259766 0.130859 0.06073 -0.0289001 -0.0289001 -0.0289001 -0.0102844 0.0932617 0.0889282 -0.051239 -0.0559998 
0.140747 0.29126 0.24585 0.0947266 0.0922852 0.0442505 0.0442505 0.0442505 0.0108948 0.0331421 0.0824585 0.0135193 0.0413208 
0.140747 0.29126 0.24585 0.0947266 0.0922852 0.0442505 0.0442505 0.0442505 0.0108948 0.0331421 0.0824585 0.0135193 0.0413208 
0.140747 0.29126 0.24585 0.0947266 0.0922852 0.0442505 0.0442505 0.0442505 0.0108948 0.0331421 0.0824585 0.0135193 0.0413208 
0.0062561 0.223755 0.227295 0.10791 0.10437 0.0749512 0.0749512 0.0749512 0.0283203 0.0309448 0.0141754 -0.0205383 0.0124664 
-0.134033 0.173218 0.217651 0.139648 0.0623474 0.018692 0.018692 0.018692 -0.032196 3.05176e-05 -0.0195007 -0.0701904 -0.112671 
-0.142334 0.192749 0.313721 0.239502 0.138916 0.0668945 0.0668945 0.0668945 0.0480347 0.0957031 0.0461426 -0.0184937 -0.112915 
-0.131226 0.133423 0.183716 0.154541 0.0721436 -0.00479126 -0.00479126 -0.00479126 -0.0331726 0.0471802 -0.0375671 -0.108154 -0.179565 
-0.0706787 0.0502625 0.124023 0.081543 -0.00924683 0.00848389 0.00848389 0.00848389 -0.00854492 0.0110779 0.00515747 -0.0743408 0.0189514 
-0.06604 0.083374 0.163452 0.146606 0.0875244 0.0671387 0.0671387 0.0671387 0.102783 0.128662 0.194092 0.0661621 -0.0804443 
-0.245117 0.0115967 0.101807 0.0185547 -0.0320129 -0.00869751 -0.00869751 -0.00869751 0.0110168 0.0671387 0.0794678 0.0526428 -0.178345 
-0.355469 -0.0666504 -0.0553589 -0.146851 -0.195923 -0.131104 -0.131104 -0.131104 -0.165283 -0.129761 -0.141479 -0.0220795 -0.184204 
-0.199707 0.0266418 0.0022583 -0.0999756 -0.204102 -0.143799 -0.143799 -0.143799 -0.135254 -0.100342 -0.0368652 0.0644531 -0.0257874 
-0.106201 0.113525 0.0657959 0.0222473 -0.0581055 0.00286865 0.00286865 0.00286865 0.00292969 0.0296936 0.0157166 0.114502 0.0436707 
-0.171631 -0.0933838 -0.122192 -0.151978 -0.2146 -0.139648 -0.139648 -0.139648 -0.174561 -0.189209 -0.166626 -0.112549 -0.0765381 
-0.171631 -0.0933838 -0.122192 -0.151978 -0.2146 -0.139648 -0.139648 -0.139648 -0.174561 -0.189209 -0.166626 -0.112549 -0.0765381 
-0.171631 -0.0933838 -0.122192 -0.151978 -0.2146 -0.139648 -0.139648 -0.139648 -0.174561 -0.189209 -0.166626 -0.112549 -0.0765381 
-0.34668 -0.373047 -0.393311 -0.403564 -0.415283 -0.352783 -0.352783 -0.352783 -0.397705 -0.463135 -0.451416 -0.391357 -0.259521 
-0.425537 -0.519531 -0.521973 -0.540527 -0.528809 -0.51123 -0.51123 -0.51123 -0.550781 -0.657227 -0.635742 -0.556152 -0.326416 
-0.370361 -0.436768 -0.391846 -0.500488 -0.574219 -0.539551 -0.539551 -0.539551 -0.581055 -0.663574 -0.503906 -0.435547 -0.292236 
-0.372314 -0.426758 -0.373291 -0.556641 -0.588867 -0.57666 -0.57666 -0.57666 -0.565918 -0.568359 -0.37207 -0.327637 -0.273682 
-0.288818 -0.337891 -0.281982 -0.379639 -0.396973 -0.375244 -0.375244 -0.375244 -0.373535 -0.351562 -0.256104 -0.286621 -0.244019 
-0.352539 -0.233154 -0.159668 -0.0819702 -0.0163422 0.0546265 0.0546265 0.0546265 -0.0101166 -0.0916138 -0.180664 -0.176025 -0.143799 
-0.484131 -0.40332 -0.345459 -0.236328 -0.103577 0.00390625 0.00390625 0.00390625 -0.134033 -0.259033 -0.320557 -0.27832 -0.174316 
-0.446045 -0.395264 -0.275146 -0.193115 -0.0509338 0.0930786 0.0930786 0.0930786 -0.0613403 -0.262207 -0.356201 -0.309814 -0.210449 
-0.496826 -0.537598 -0.399658 -0.262207 -0.0765381 0.0718384 0.0718384 0.0718384 -0.0875244 -0.297119 -0.435547 -0.404541 -0.274902 
-0.496338 -0.532227 -0.392822 -0.227539 -0.0592346 0.0950317 0.0950317 0.0950317 -0.0513306 -0.248291 -0.426514 -0.445801 -0.324707 
-0.553711 -0.541992 -0.415527 -0.222168 -0.0629883 0.122253 0.122253 0.122253 -0.0482483 -0.244141 -0.447266 -0.469727 -0.359375 
-0.553711 -0.541992 -0.415527 -0.222168 -0.0629883 0.122253 0.122253 0.122253 -0.0482483 -0.244141 -0.447266 -0.469727 -0.359375 
-0.553711 -0.541992 -0.415527 -0.222168 -0.0629883 0.122253 0.122253 0.122253 -0.0482483 -0.244141 -0.447266 -0.469727 -0.359375 
-0.498291 -0.508301 -0.397949 -0.227295 -0.0582275 0.123718 0.123718 0.123718 -0.0565491 -0.249512 -0.437012 -0.434082 -0.333496 
-0.404053 -0.418457 -0.347168 -0.217529 -0.0375977 0.155029 0.155029 0.155029 -0.0240326 -0.226807 -0.36499 -0.352539 -0.250244 
-0.378418 -0.35791 -0.273193 -0.200439 -0.0239716 0.159912 0.159912 0.159912 -0.036438 -0.235352 -0.300537 -0.276367 -0.185547 
-0.316162 -0.26123 -0.185303 -0.109497 0.036438 0.203613 0.203613 0.203613 0.00671387 -0.18042 -0.230469 -0.193359 -0.195801 
-0.416992 -0.318115 -0.290527 -0.245117 -0.160522 -0.0888672 -0.0888672 -0.0888672 -0.148193 -0.253662 -0.282959 -0.236328 -0.257324 
-0.227417 -0.140015 -0.108154 -0.121216 -0.121094 -0.146973 -0.146973 -0.146973 -0.109741 -0.126465 -0.146851 -0.168945 -0.127808 
-0.198486 -0.0465393 -0.0386047 -0.0809326 -0.127075 -0.148193 -0.148193 -0.148193 -0.120117 -0.0878296 -0.0765381 -0.0852661 -0.0692139 
-0.1875 -0.0406494 -0.0958252 -0.157227 -0.202148 -0.191162 -0.191162 -0.191162 -0.160156 -0.125732 -0.0735474 -0.0516968 -0.0306396 
-0.102234 0.0491943 -0.01651 -0.0581055 -0.0952759 -0.0865479 -0.0865479 -0.0865479 -0.0629883 -0.0361328 -0.0261536 -0.0398865 0.045166 
-0.101807 0.0256348 -0.0444336 -0.09021 -0.106506 -0.0686035 -0.0686035 -0.0686035 -0.0637207 -0.0406494 -0.0149536 -0.00228882 0.0983887 
-0.0208435 0.148315 0.116394 0.100037 0.0848389 0.143799 0.143799 0.143799 0.143311 0.139648 0.147339 0.139282 0.214478 
-0.0208435 0.148315 0.116394 0.100037 0.0848389 0.143799 0.143799 0.143799 0.143311 0.139648 0.147339 0.139282 0.214478 
-0.0208435 0.148315 0.116394 0.100037 0.0848389 0.143799 0.143799 0.143799 0.143311 0.139648 0.147339 0.139282 0.214478 
-0.136719 -0.00354004 -0.0530396 -0.104431 -0.128418 -0.11731 -0.11731 -0.11731 -0.0699463 -0.0438538 -0.0326233 -0.0154419 0.0994263 
-0.193481 -0.103516 -0.127563 -0.177734 -0.234375 -0.275146 -0.275146 -0.275146 -0.208618 -0.149048 -0.122192 -0.108154 0.0122375 
-0.251465 -0.233032 -0.258789 -0.298584 -0.344238 -0.370605 -0.370605 -0.370605 -0.30249 -0.270264 -0.251221 -0.246094 -0.078186 
-0.316895 -0.300537 -0.298096 -0.359619 -0.412842 -0.443604 -0.443604 -0.443604 -0.395264 -0.323486 -0.280029 -0.27417 -0.108032 
-0.216675 -0.184204 -0.18042 -0.150513 -0.156494 -0.14624 -0.14624 -0.14624 -0.124023 -0.122803 -0.157593 -0.181885 -0.0593262 
-10.0547 -9.48438 -9.5625 -9.17188 -9.11719 -8.85938 -8.85938 -8.85938 -8.9375 -8.94531 -9.11719 -9.27344 -9.72656 
-9.90625 -9.75781 -9.64062 -9.07031 -8.94531 -8.42969 -8.42969 -8.42969 -8.73438 -8.92188 -9.4375 -9.76562 -9.89844 
-10.2188 -10.3828 -10.3672 -9.76562 -9.58594 -9.16406 -9.16406 -9.16406 -9.39062 -9.46094 -9.91406 -9.96875 -10.0625 
-10.0781 -10.1719 -9.94531 -9.35938 -9.05469 -8.42969 -8.42969 -8.42969 -8.67969 -8.92188 -9.55469 -9.75 -9.77344 
-9.85938 -9.71094 -9.46094 -9.02344 -8.70312 -8.04688 -8.04688 -8.04688 -8.17969 -8.35938 -8.875 -8.96094 -9.25781 
-8.85156 -8.48438 -8.22656 -7.60156 -7.32812 -6.59766 -6.59766 -6.59766 -6.75781 -7.08594 -7.88281 -7.65625 -8.24219 
-8.85156 -8.48438 -8.22656 -7.60156 -7.32812 -6.59766 -6.59766 -6.59766 -6.75781 -7.08594 -7.88281 -7.65625 -8.24219 
-8.85156 -8.48438 -8.22656 -7.60156 -7.32812 -6.59766 -6.59766 -6.59766 -6.75781 -7.08594 -7.88281 -7.65625 -8.24219 
-9.71094 -9.47656 -9.23438 -8.54688 -8.20312 -7.48438 -7.48438 -7.48438 -7.64844 -8 -8.89844 -8.78906 -9.14062 
-10.3672 -10.4219 -9.85938 -8.94531 -8.35156 -7.59375 -7.59375 -7.59375 -7.78906 -8.42188 -9.54688 -9.52344 -9.82812 
-11.2031 -11.5469 -11.0547 -9.61719 -8.69531 -7.86719 -7.86719 -7.86719 -8.10938 -8.96094 -10.4688 -10.6406 -10.6172 
-10.875 -11.1484 -10.7578 -9.53906 -8.875 -8.04688 -8.04688 -8.04688 -8.44531 -9.10938 -10.1953 -10.3359 -10.6016 
-10.5625 -10.4609 -10.2188 -9.39062 -9.26562 -8.84375 -8.84375 -8.84375 -9.04688 -9.125 -9.76562 -9.98438 -10.5391 
1.28516 1.16699 1.27051 1.21484 1.06836 1.07031 1.07031 1.07031 0.988281 1.01465 1.10449 1.06152 1.09082 
1.78711 1.7627 1.98145 1.92188 1.77051 1.69922 1.69922 1.69922 1.63086 1.63672 1.75098 1.62598 1.41504 
2.07812 2.13477 2.29102 2.13281 2.01953 1.94434 1.94434 1.94434 1.89746 1.9248 2.17188 2.08594 1.7998 
2.51953 2.50977 2.67578 2.60352 2.49609 2.39258 2.39258 2.39258 2.35156 2.3457 2.51562 2.44336 2.14453 
2.72266 2.73438 3.00586 2.98633 2.95703 2.94727 2.94727 2.94727 2.83008 2.8418 3.00977 2.68555 2.35742 
2.75781 2.74805 2.99219 3.00586 3.07812 3.16992 3.16992 3.16992 3.02539 2.93555 2.99023 2.65039 2.44141 
2.75781 2.74805 2.99219 3.00586 3.07812 3.16992 3.16992 3.16992 3.02539 2.93555 2.99023 2.65039 2.44141 
2.75781 2.74805 2.99219 3.00586 3.07812 3.16992 3.16992 3.16992 3.02539 2.93555 2.99023 2.65039 2.44141 
2.68164 2.70312 2.99609 3.01758 3.04102 3.07812 3.07812 3.07812 2.99805 2.96484 3.04102 2.61523 2.42773 
2.40234 2.54492 2.86133 2.87695 2.83594 2.79883 2.79883 2.79883 2.79883 2.84375 2.89844 2.42383 2.11914 
2.1582 2.38281 2.65039 2.64453 2.58594 2.55469 2.55469 2.55469 2.58203 2.60742 2.64844 2.26172 1.84766 
1.97559 2.20703 2.49023 2.47852 2.32812 2.35742 2.35742 2.35742 2.32812 2.43164 2.49023 2.05664 1.62305 
1.88965 1.9707 2.14453 2.04883 1.86914 1.72754 1.72754 1.72754 1.71289 1.78711 1.98145 1.91504 1.5791 
